
################################################################################
# Gelman-Rubin Diagnostic
################################################################################

Generally the Gelman diagnostic should be < 1.05


Out of 69 variables: 0 > 1.01

                      
0 > 1.05

                      
0 > 1.1


The worst variables are:

            Point est. Upper C.I.
loglik[11]    1.002739   1.007076
loglik[28]    1.002511   1.009298
loglik[5]     1.002510   1.006711
p.fac1[4,3]   1.001927   1.005702
p.fac1[2,3]   1.001889   1.006110
loglik[29]    1.001821   1.004533
p.fac1[1,3]   1.001814   1.005421
p.global[3]   1.001814   1.005421
loglik[40]    1.001774   1.003031
loglik[26]    1.001761   1.006106


And here are the Gelman diagnostics for all variables:

              Point est. Upper C.I.
deviance       0.9996853  0.9999903
ilr.fac1[1,1]        NaN        NaN
ilr.fac1[1,2]        NaN        NaN
ilr.fac1[2,1]  1.0006234  1.0033633
ilr.fac1[2,2]  1.0000804  1.0000882
ilr.fac1[3,1]  1.0001150  1.0009665
ilr.fac1[3,2]  1.0015267  1.0033500
ilr.fac1[4,1]  1.0004144  1.0026773
ilr.fac1[4,2]  1.0001911  1.0015709
loglik[1]      0.9999785  1.0002756
loglik[10]     0.9997495  1.0003783
loglik[11]     1.0027389  1.0070760
loglik[12]     1.0004951  1.0018944
loglik[13]     1.0010767  1.0048147
loglik[14]     0.9999378  1.0005266
loglik[15]     0.9999874  1.0006040
loglik[16]     0.9997308  1.0001625
loglik[17]     0.9998505  1.0003960
loglik[18]     0.9997746  1.0002326
loglik[19]     0.9997223  1.0001251
loglik[2]      0.9998812  1.0004419
loglik[20]     1.0009721  1.0016887
loglik[21]     1.0000080  1.0000273
loglik[22]     1.0006402  1.0021799
loglik[23]     1.0002094  1.0008071
loglik[24]     1.0003027  1.0020733
loglik[25]     1.0003600  1.0007311
loglik[26]     1.0017613  1.0061063
loglik[27]     1.0000571  1.0004160
loglik[28]     1.0025107  1.0092979
loglik[29]     1.0018206  1.0045331
loglik[3]      0.9996589  0.9997921
loglik[30]     1.0001048  1.0010356
loglik[31]     1.0004868  1.0019712
loglik[32]     1.0006446  1.0035454
loglik[33]     1.0007527  1.0010666
loglik[34]     0.9999034  0.9999256
loglik[35]     1.0008988  1.0015617
loglik[36]     1.0008114  1.0040455
loglik[37]     1.0015505  1.0018293
loglik[38]     1.0011064  1.0038625
loglik[39]     1.0010677  1.0045785
loglik[4]      0.9999158  1.0008631
loglik[40]     1.0017743  1.0030311
loglik[41]     1.0007861  1.0017294
loglik[42]     1.0014730  1.0034668
loglik[43]     1.0014940  1.0037537
loglik[5]      1.0025100  1.0067114
loglik[6]      0.9998751  1.0005092
loglik[7]      1.0008990  1.0035794
loglik[8]      0.9998956  1.0007442
loglik[9]      1.0000644  1.0013485
p.fac1[1,1]    0.9997474  1.0001428
p.fac1[1,2]    0.9996717  0.9998279
p.fac1[1,3]    1.0018135  1.0054206
p.fac1[2,1]    0.9996562  0.9998463
p.fac1[2,2]    0.9999037  1.0006276
p.fac1[2,3]    1.0018886  1.0061104
p.fac1[3,1]    1.0000177  1.0007524
p.fac1[3,2]    0.9999550  1.0004913
p.fac1[3,3]    1.0011726  1.0032498
p.fac1[4,1]    1.0003829  1.0017680
p.fac1[4,2]    1.0008833  1.0030424
p.fac1[4,3]    1.0019266  1.0057019
p.global[1]    0.9997474  1.0001428
p.global[2]    0.9996717  0.9998279
p.global[3]    1.0018135  1.0054206
resid.prop[1]  1.0002793  1.0011721
resid.prop[2]  1.0008308  1.0040982

################################################################################
# Geweke Diagnostic
################################################################################

The Geweke diagnostic is a standard z-score, so we'd expect 5% to be outside +/-1.96
Number of variables outside +/-1.96 in each chain (out of 
69
):


       Chain 1 Chain 2 Chain 3
Geweke      26       3       3


And here are the Geweke diagnostics for all variables:

              chain1 chain2 chain3
deviance      -1.010  0.170 -2.318
ilr.fac1[2,1]  0.209  0.623 -1.574
ilr.fac1[2,2]  0.342  3.035 -1.213
ilr.fac1[3,1]  0.824  0.521 -0.048
ilr.fac1[3,2] -1.468  0.710  0.079
ilr.fac1[4,1]  0.916 -1.584 -0.380
ilr.fac1[4,2]  0.516 -0.728  0.035
loglik[1]     -3.895 -1.630 -0.599
loglik[10]    -0.485 -0.747  1.038
loglik[11]     4.254  1.387  1.436
loglik[12]     2.916  0.955  1.931
loglik[13]    -0.888  0.619 -0.080
loglik[14]    -0.272 -1.388  0.930
loglik[15]     3.692  1.484  1.889
loglik[16]     0.735  0.102  1.047
loglik[17]     0.729  0.113  1.024
loglik[18]     0.790  0.137  1.060
loglik[19]     1.475  0.264  1.102
loglik[2]      0.397 -0.848  1.288
loglik[20]     1.704  0.666  1.204
loglik[21]    -1.709 -0.449 -1.166
loglik[22]     0.711 -1.196 -0.213
loglik[23]     1.237  0.368  1.164
loglik[24]    -0.014 -2.262  0.187
loglik[25]    -3.733 -0.554  1.619
loglik[26]     1.985  1.492  1.060
loglik[27]     0.485  1.758 -2.377
loglik[28]     1.810  1.575  1.240
loglik[29]     1.463  0.941 -0.202
loglik[3]      2.069  0.598  1.833
loglik[30]    -2.917 -0.610  2.066
loglik[31]     1.001  1.334 -1.568
loglik[32]    -0.033 -0.011  1.116
loglik[33]     1.735  0.095  0.600
loglik[34]    -0.735 -0.644  0.257
loglik[35]     2.314  0.005  0.628
loglik[36]    -0.369 -0.095  1.060
loglik[37]     1.359  0.207  0.324
loglik[38]    -2.352 -0.419  0.159
loglik[39]    -0.111  0.001  1.137
loglik[4]      3.139  2.723  0.687
loglik[40]     2.314  0.102  0.374
loglik[41]     2.484 -0.051  0.651
loglik[42]     2.709  0.040  0.433
loglik[43]    -0.881 -0.493  0.520
loglik[5]      4.106  1.578  0.873
loglik[6]     -2.026 -1.224  0.364
loglik[7]     -0.956 -0.152 -0.038
loglik[8]      2.192  1.060  1.786
loglik[9]      1.845  0.847  1.668
p.fac1[1,1]    2.557  0.211  0.238
p.fac1[1,2]   -2.466 -0.308 -0.380
p.fac1[1,3]   -3.893  0.806  0.163
p.fac1[2,1]    1.696  0.287 -0.708
p.fac1[2,2]   -1.281 -0.212  0.452
p.fac1[2,3]   -3.166 -0.343  0.986
p.fac1[3,1]    2.539  0.550  0.071
p.fac1[3,2]   -2.945 -0.547 -0.107
p.fac1[3,3]   -1.540 -0.002  0.465
p.fac1[4,1]    1.683 -1.092 -0.007
p.fac1[4,2]   -1.436  0.775  0.240
p.fac1[4,3]   -1.740  1.060 -1.587
p.global[1]    2.557  0.211  0.238
p.global[2]   -2.466 -0.308 -0.380
p.global[3]   -3.893  0.806  0.163
resid.prop[1]  1.466  0.226  0.253
resid.prop[2]  0.127  0.635 -1.096
