
#################################################################
# Summary Statistics
#################################################################

DIC = -47.38552

                          Mean    SD  2.5%    5%   25%   50%   75%   95% 97.5%
Epsilon.1                0.076 0.027 0.034 0.038 0.056 0.072 0.091 0.128 0.141
Epsilon.2                0.121 0.046 0.054 0.061 0.088 0.113 0.145 0.206 0.229
p.A. hartfieldorum .CPOM 0.226 0.103 0.035 0.059 0.154 0.222 0.294 0.402 0.438
p.E. pullata_em.CPOM     0.123 0.080 0.010 0.016 0.058 0.112 0.175 0.272 0.301
p.E. pullata_im.CPOM     0.215 0.094 0.034 0.064 0.151 0.209 0.276 0.373 0.405
p.F. escambia.CPOM       0.077 0.064 0.004 0.007 0.028 0.059 0.110 0.205 0.239
p.A. hartfieldorum .FPOM 0.760 0.100 0.554 0.586 0.694 0.765 0.831 0.920 0.950
p.E. pullata_em.FPOM     0.861 0.079 0.689 0.719 0.810 0.870 0.923 0.972 0.983
p.E. pullata_im.FPOM     0.777 0.093 0.590 0.619 0.718 0.782 0.841 0.926 0.955
p.F. escambia.FPOM       0.913 0.066 0.749 0.784 0.878 0.930 0.963 0.989 0.992
p.A. hartfieldorum .SPOM 0.014 0.015 0.000 0.001 0.004 0.010 0.020 0.043 0.053
p.E. pullata_em.SPOM     0.016 0.019 0.000 0.000 0.002 0.008 0.023 0.055 0.066
p.E. pullata_im.SPOM     0.008 0.009 0.000 0.000 0.002 0.005 0.011 0.027 0.033
p.F. escambia.SPOM       0.010 0.014 0.000 0.000 0.001 0.005 0.014 0.039 0.050
